CTRIA3  
 5947   
 1      
 4201   
 4200   
 4128   
CTRIA3  
 5964   
 1      
 4582   
 4620   
 4583   
CTRIA3  
 5965   
 1      
 4453   
 4501   
 4436   
CTRIA3  
 5966   
 1      
 4370   
 4439   
 4438   
CTRIA3  
 8626   
 1      
 6889   
 6816   
 6888   
CTRIA3  
 8643   
 1      
 7270   
 7271   
 7308   
CTRIA3  
 8644   
 1      
 7141   
 7124   
 7189   
CTRIA3  
 8645   
 1      
 7058   
 7126   
 7127   
CTRIA3  
 10128  
 1      
 10487  
 10515  
 10516  
CTRIA3  
 10203  
 1      
 10550  
 10582  
 10575  
CTRIA3  
 10295  
 1      
 10697  
 10694  
 10698  
CTRIA3  
 10483  
 1      
 10865  
 10864  
 10863  
CTRIA3  
 10500  
 1      
 9555   
 9583   
 10097  
CTRIA3  
 10501  
 1      
 9583   
 10098  
 10097  
CTRIA3  
 10502  
 1      
 9583   
 9554   
 10098  
CTRIA3  
 10588  
 1      
 10951  
 10937  
 10936  
CTRIA3  
 10589  
 1      
 10938  
 10916  
 10913  
CTRIA3  
 10610  
 1      
 10978  
 10972  
 10970  
CTRIA3  
 10630  
 1      
 10981  
 10992  
 10979  
CTRIA3  
 10650  
 1      
 11006  
 11007  
 11011  
CTRIA3  
 10692  
 1      
 11020  
 11021  
 11018  
CTRIA3  
 10769  
 1      
 11111  
 11114  
 11113  
CTRIA3  
 10770  
 1      
 6162   
 11096  
 11076  
CTRIA3  
 10771  
 1      
 11109  
 11126  
 11128  
CTRIA3  
 11254  
 1      
 11613  
 11614  
 11347  
CTRIA3  
 11255  
 1      
 11609  
 11610  
 11495  
CTRIA3  
 11257  
 1      
 11615  
 11366  
 11346  
CTRIA3  
 11267  
 1      
 11616  
 11595  
 11593  
CTRIA3  
 11270  
 1      
 11620  
 11621  
 11619  
CTRIA3  
 11300  
 1      
 10900  
 10901  
 11300  
CTRIA3  
 11302  
 1      
 10698  
 11649  
 10754  
CTRIA3  
 11312  
 1      
 11653  
 11633  
 11650  
CTRIA3  
 11324  
 1      
 10933  
 11659  
 10932  
CTRIA3  
 11330  
 1      
 10951  
 11662  
 10937  
CTRIA3  
 11339  
 1      
 10990  
 11420  
 10978  
CTRIA3  
 11340  
 1      
 10978  
 11666  
 10972  
CTRIA3  
 11341  
 1      
 10971  
 11665  
 10953  
CTRIA3  
 11342  
 1      
 11006  
 11408  
 11007  
CTRIA3  
 11343  
 1      
 11112  
 11156  
 11017  
CTRIA3  
 11344  
 1      
 11146  
 11112  
 11113  
CTRIA3  
 11354  
 1      
 11144  
 11143  
 9060   
CTRIA3  
 11355  
 1      
 11141  
 11140  
 9163   
CTRIA3  
 11356  
 1      
 11148  
 11139  
 11138  
CTRIA3  
 11368  
 1      
 11151  
 9315   
 11150  
CTRIA3  
 11369  
 1      
 11153  
 11154  
 9384   
CTRIA3  
 11421  
 1      
 11594  
 11686  
 11587  
CTRIA3  
 11429  
 1      
 11694  
 11708  
 11701  
CTRIA3  
 11449  
 1      
 11610  
 11715  
 11611  
CTRIA3  
 11451  
 1      
 9883   
 11716  
 9884   
CTRIA3  
 11453  
 1      
 11716  
 10199  
 9884   
CTRIA3  
 12925  
 1      
 13232  
 13261  
 13260  
CTRIA3  
 13000  
 1      
 13295  
 13320  
 13327  
CTRIA3  
 13092  
 1      
 13442  
 13443  
 13439  
CTRIA3  
 13280  
 1      
 13610  
 13608  
 13609  
CTRIA3  
 13297  
 1      
 9585   
 12842  
 9637   
CTRIA3  
 13298  
 1      
 9637   
 12842  
 12843  
CTRIA3  
 13299  
 1      
 9637   
 12843  
 9620   
CTRIA3  
 13385  
 1      
 13696  
 13681  
 13682  
CTRIA3  
 13386  
 1      
 13683  
 13658  
 13661  
CTRIA3  
 13407  
 1      
 13723  
 13715  
 13717  
CTRIA3  
 13427  
 1      
 13726  
 13724  
 13737  
CTRIA3  
 13447  
 1      
 13751  
 13756  
 13752  
CTRIA3  
 13489  
 1      
 13765  
 13763  
 13766  
CTRIA3  
 13566  
 1      
 13856  
 13858  
 13859  
CTRIA3  
 13567  
 1      
 8837   
 13821  
 13841  
CTRIA3  
 13568  
 1      
 13854  
 13873  
 13871  
CTRIA3  
 14051  
 1      
 14333  
 14077  
 14334  
CTRIA3  
 14052  
 1      
 14329  
 14215  
 14330  
CTRIA3  
 14054  
 1      
 14335  
 14076  
 14096  
CTRIA3  
 14064  
 1      
 14336  
 14313  
 14315  
CTRIA3  
 14067  
 1      
 14340  
 14339  
 14341  
CTRIA3  
 14097  
 1      
 13645  
 14031  
 13646  
CTRIA3  
 14099  
 1      
 13443  
 13499  
 14369  
CTRIA3  
 14109  
 1      
 14373  
 14370  
 14353  
CTRIA3  
 14121  
 1      
 13678  
 13677  
 14379  
CTRIA3  
 14127  
 1      
 13696  
 13682  
 14382  
CTRIA3  
 14136  
 1      
 13735  
 13723  
 14150  
CTRIA3  
 14137  
 1      
 13723  
 13717  
 14386  
CTRIA3  
 14138  
 1      
 13716  
 13698  
 14385  
CTRIA3  
 14139  
 1      
 13751  
 13752  
 14138  
CTRIA3  
 14140  
 1      
 13857  
 13762  
 13901  
CTRIA3  
 14141  
 1      
 13891  
 13858  
 13857  
CTRIA3  
 14151  
 1      
 13889  
 11915  
 13888  
CTRIA3  
 14152  
 1      
 13886  
 12018  
 13885  
CTRIA3  
 14153  
 1      
 13893  
 13883  
 13884  
CTRIA3  
 14165  
 1      
 13896  
 13895  
 12170  
CTRIA3  
 14166  
 1      
 13898  
 12239  
 13899  
CTRIA3  
 14218  
 1      
 14314  
 14307  
 14406  
CTRIA3  
 14226  
 1      
 14414  
 14421  
 14428  
CTRIA3  
 14246  
 1      
 14330  
 14331  
 14435  
CTRIA3  
 14248  
 1      
 12628  
 12629  
 14436  
CTRIA3  
 14250  
 1      
 14436  
 12629  
 12944  
CTRIA3  
 14822  
 1      
 15015  
 15004  
 15008  
CTRIA3  
 14823  
 1      
 15008  
 15009  
 15015  
CTRIA3  
 14824  
 1      
 15010  
 15015  
 15009  
CTRIA3  
 14887  
 1      
 15082  
 15084  
 15096  
CTRIA3  
 14889  
 1      
 15101  
 15064  
 15066  
CTRIA3  
 15576  
 1      
 14929  
 15068  
 14925  
CTRIA3  
 15578  
 1      
 15049  
 15043  
 15117  
CTRIA3  
 15604  
 1      
 15342  
 15307  
 15340  
CTRIA3  
 15607  
 1      
 15346  
 15938  
 15344  
CTRIA3  
 15612  
 1      
 15350  
 15352  
 15939  
CTRIA3  
 15619  
 1      
 15941  
 15356  
 15357  
CTRIA3  
 15627  
 1      
 15365  
 15445  
 15363  
CTRIA3  
 15658  
 1      
 15263  
 15962  
 15265  
CTRIA3  
 15685  
 1      
 15982  
 15089  
 15087  
CTRIA3  
 15686  
 1      
 15986  
 15989  
 15979  
CTRIA3  
 15715  
 1      
 15382  
 15380  
 16008  
CTRIA3  
 15720  
 1      
 16009  
 15376  
 15374  
CTRIA3  
 15729  
 1      
 16013  
 15368  
 15366  
CTRIA3  
 15744  
 1      
 16019  
 16021  
 16018  
CTRIA3  
 15750  
 1      
 15355  
 16024  
 15328  
CTRIA3  
 15777  
 1      
 16039  
 15351  
 15349  
CTRIA3  
 15779  
 1      
 16034  
 15345  
 15343  
CTRIA3  
 15780  
 1      
 15290  
 15329  
 15334  
CTRIA3  
 15782  
 1      
 9564   
 15331  
 15332  
CTRIA3  
 15784  
 1      
 15396  
 15381  
 15383  
CTRIA3  
 15786  
 1      
 15375  
 15417  
 15373  
CTRIA3  
 15788  
 1      
 15430  
 15369  
 15371  
CTRIA3  
 15790  
 1      
 9554   
 9583   
 15008  
CTRIA3  
 15791  
 1      
 15497  
 16156  
 15498  
CTRIA3  
 15793  
 1      
 16156  
 15951  
 15498  
CTRIA3  
 15795  
 1      
 16157  
 15951  
 15267  
CTRIA3  
 15797  
 1      
 15950  
 15491  
 16157  
CTRIA3  
 15799  
 1      
 15461  
 16158  
 15945  
CTRIA3  
 15801  
 1      
 15947  
 15946  
 16158  
CTRIA3  
 15803  
 1      
 15945  
 15320  
 16159  
CTRIA3  
 15805  
 1      
 16159  
 15944  
 15459  
CTRIA3  
 15806  
 1      
 15948  
 15482  
 15950  
CTRIA3  
 15807  
 1      
 15948  
 15950  
 15949  
CTRIA3  
 15808  
 1      
 15504  
 16156  
 15497  
CTRIA3  
 15809  
 1      
 15504  
 15954  
 16156  
CTRIA3  
 15813  
 1      
 16197  
 16199  
 15919  
CTRIA3  
 15827  
 1      
 16207  
 15732  
 15733  
CTRIA3  
 15839  
 1      
 16217  
 16205  
 16202  
CTRIA3  
 15840  
 1      
 16214  
 16207  
 16205  
CTRIA3  
 15888  
 1      
 15697  
 15704  
 16251  
CTRIA3  
 15927  
 1      
 15662  
 15669  
 16286  
CTRIA3  
 15955  
 1      
 15634  
 15641  
 16314  
CTRIA3  
 15985  
 1      
 16355  
 16349  
 16348  
CTRIA3  
 16010  
 1      
 16384  
 16379  
 16378  
CTRIA3  
 16050  
 1      
 16409  
 16388  
 16387  
CTRIA3  
 16051  
 1      
 16388  
 16409  
 16410  
CTRIA3  
 16052  
 1      
 16410  
 16389  
 16388  
CTRIA3  
 16054  
 1      
 16410  
 16411  
 16389  
CTRIA3  
 16084  
 1      
 16440  
 16434  
 16433  
CTRIA3  
 16089  
 1      
 16445  
 16440  
 16439  
CTRIA3  
 16117  
 1      
 16257  
 16764  
 16249  
CTRIA3  
 16119  
 1      
 16266  
 16764  
 16257  
CTRIA3  
 16122  
 1      
 15988  
 15987  
 15996  
CTRIA3  
 16127  
 1      
 17176  
 17175  
 15996  
CTRIA3  
 16128  
 1      
 17176  
 15996  
 15406  
CTRIA3  
 16130  
 1      
 17177  
 17176  
 15406  
CTRIA3  
 16139  
 1      
 17176  
 17187  
 17186  
CTRIA3  
 16140  
 1      
 15109  
 15107  
 16004  
CTRIA3  
 16144  
 1      
 15981  
 15961  
 15972  
CTRIA3  
 16145  
 1      
 15418  
 15976  
 15432  
CTRIA3  
 16146  
 1      
 15976  
 15418  
 15419  
CTRIA3  
 16147  
 1      
 17187  
 17176  
 17177  
CTRIA3  
 16174  
 1      
 17226  
 16455  
 16456  
CTRIA3  
 16740  
 1      
 17639  
 17637  
 17633  
CTRIA3  
 16741  
 1      
 17637  
 17639  
 16116  
CTRIA3  
 16742  
 1      
 16117  
 16116  
 17639  
CTRIA3  
 16805  
 1      
 16892  
 17678  
 17670  
CTRIA3  
 16807  
 1      
 17683  
 17659  
 16889  
CTRIA3  
 17494  
 1      
 16862  
 17575  
 17660  
CTRIA3  
 17496  
 1      
 16136  
 17692  
 16133  
CTRIA3  
 17522  
 1      
 17852  
 17851  
 17831  
CTRIA3  
 17525  
 1      
 17853  
 16957  
 18187  
CTRIA3  
 17530  
 1      
 17855  
 17100  
 16958  
CTRIA3  
 17537  
 1      
 18188  
 17858  
 17857  
CTRIA3  
 17545  
 1      
 17861  
 17860  
 17902  
CTRIA3  
 17576  
 1      
 16936  
 16938  
 17115  
CTRIA3  
 17598  
 1      
 17127  
 16150  
 16151  
CTRIA3  
 17599  
 1      
 17132  
 17124  
 17191  
CTRIA3  
 17627  
 1      
 16186  
 17135  
 16185  
CTRIA3  
 17632  
 1      
 18203  
 16182  
 16183  
CTRIA3  
 17641  
 1      
 18206  
 16178  
 16179  
CTRIA3  
 17656  
 1      
 18211  
 18210  
 18212  
CTRIA3  
 17662  
 1      
 16173  
 16160  
 18214  
CTRIA3  
 17689  
 1      
 18227  
 16170  
 16171  
CTRIA3  
 17691  
 1      
 18223  
 16167  
 16168  
CTRIA3  
 17692  
 1      
 17818  
 17849  
 17847  
CTRIA3  
 17694  
 1      
 9586   
 17848  
 16161  
CTRIA3  
 17696  
 1      
 17872  
 17868  
 17867  
CTRIA3  
 17698  
 1      
 17865  
 17864  
 17882  
CTRIA3  
 17700  
 1      
 17891  
 17863  
 17862  
CTRIA3  
 17702  
 1      
 9620   
 17637  
 9637   
CTRIA3  
 17703  
 1      
 17003  
 17004  
 17142  
CTRIA3  
 17705  
 1      
 17142  
 17004  
 17107  
CTRIA3  
 17707  
 1      
 17143  
 17801  
 17107  
CTRIA3  
 17709  
 1      
 17106  
 17143  
 17000  
CTRIA3  
 17711  
 1      
 17913  
 17103  
 17144  
CTRIA3  
 17713  
 1      
 17104  
 17144  
 18191  
CTRIA3  
 17715  
 1      
 17103  
 17145  
 16953  
CTRIA3  
 17717  
 1      
 17145  
 16984  
 17102  
CTRIA3  
 17718  
 1      
 17105  
 17106  
 16995  
CTRIA3  
 17719  
 1      
 17105  
 18192  
 17106  
CTRIA3  
 17720  
 1      
 17007  
 17003  
 17142  
CTRIA3  
 17721  
 1      
 17007  
 17142  
 17110  
CTRIA3  
 17725  
 1      
 17146  
 18185  
 17148  
CTRIA3  
 17739  
 1      
 16714  
 17070  
 16691  
CTRIA3  
 17751  
 1      
 16723  
 16712  
 16713  
CTRIA3  
 17752  
 1      
 16720  
 16713  
 16714  
CTRIA3  
 17790  
 1      
 16678  
 16763  
 16684  
CTRIA3  
 17828  
 1      
 16483  
 16525  
 16484  
CTRIA3  
 17856  
 1      
 16479  
 16551  
 16480  
CTRIA3  
 17886  
 1      
 16586  
 16580  
 16581  
CTRIA3  
 17911  
 1      
 16610  
 16605  
 16606  
CTRIA3  
 17951  
 1      
 16633  
 16612  
 16613  
CTRIA3  
 17952  
 1      
 16613  
 16634  
 16633  
CTRIA3  
 17953  
 1      
 16634  
 16613  
 16614  
CTRIA3  
 17955  
 1      
 16634  
 16614  
 16635  
CTRIA3  
 17985  
 1      
 16659  
 16654  
 16655  
CTRIA3  
 17990  
 1      
 16663  
 16658  
 16659  
CTRIA3  
 18021  
 1      
 17190  
 17198  
 17133  
CTRIA3  
 18026  
 1      
 17261  
 17198  
 17260  
CTRIA3  
 18027  
 1      
 17261  
 17189  
 17198  
CTRIA3  
 18029  
 1      
 18228  
 17189  
 17261  
CTRIA3  
 18038  
 1      
 17261  
 17209  
 17210  
CTRIA3  
 18039  
 1      
 16153  
 17254  
 16152  
CTRIA3  
 18042  
 1      
 16973  
 16977  
 17121  
CTRIA3  
 18043  
 1      
 17121  
 16974  
 16973  
CTRIA3  
 18044  
 1      
 17210  
 18228  
 17261  
CTRIA3  
 18071  
 1      
 18229  
 17164  
 17163  
CTRIA3  
 18081  
 1      
 16762  
 16732  
 16725  
CTRIA3  
 18084  
 1      
 16739  
 16732  
 16762  
CTRIA3  
 18092  
 1      
 17005  
 17123  
 17001  
CTRIA3  
 18093  
 1      
 17129  
 17128  
 17008  
CTRIA3  
 18094  
 1      
 17122  
 17193  
 17129  
CTRIA3  
 18655  
 1      
 18921  
 18934  
 18909  
CTRIA3  
 18657  
 1      
 18973  
 18985  
 18962  
CTRIA3  
 18659  
 1      
 19009  
 19020  
 18999  
CTRIA3  
 18661  
 1      
 19042  
 19052  
 19033  
CTRIA3  
 18662  
 1      
 19090  
 19098  
 19083  
CTRIA3  
 19740  
 1      
 19114  
 19115  
 19121  
CTRIA3  
 19768  
 1      
 20127  
 20129  
 20192  
CTRIA3  
 19835  
 1      
 20285  
 20286  
 20287  
CTRIA3  
 19836  
 1      
 20288  
 20289  
 20290  
CTRIA3  
 19838  
 1      
 20292  
 20293  
 20294  
CTRIA3  
 19841  
 1      
 20297  
 20298  
 20299  
CTRIA3  
 19849  
 1      
 20264  
 20262  
 20284  
CTRIA3  
 19850  
 1      
 20284  
 20262  
 20251  
CTRIA3  
 19851  
 1      
 20285  
 20287  
 20291  
CTRIA3  
 19852  
 1      
 20288  
 20290  
 20295  
CTRIA3  
 19853  
 1      
 20292  
 20294  
 20300  
CTRIA3  
 19854  
 1      
 20297  
 20299  
 18530  
CTRIA3  
 19859  
 1      
 18529  
 20023  
 19163  
CTRIA3  
 19860  
 1      
 19163  
 18528  
 18529  
CTRIA3  
 19861  
 1      
 18529  
 20297  
 18530  
CTRIA3  
 19905  
 1      
 20326  
 20335  
 20342  
CTRIA3  
 20035  
 1      
 20404  
 20411  
 20455  
CTRIA3  
 20074  
 1      
 20490  
 20446  
 20465  
CTRIA3  
 20170  
 1      
 20580  
 20549  
 20567  
CTRIA3  
 20445  
 1      
 20849  
 20772  
 20795  
CTRIA3  
 20674  
 1      
 21011  
 20931  
 21073  
CTRIA3  
 20844  
 1      
 21167  
 18907  
 21166  
CTRIA3  
 20912  
 1      
 21205  
 19081  
 21197  
CTRIA3  
 20923  
 1      
 21063  
 21064  
 21085  
CTRIA3  
 20994  
 1      
 21310  
 21312  
 21311  
CTRIA3  
 20995  
 1      
 21313  
 21315  
 21314  
CTRIA3  
 20997  
 1      
 21317  
 21319  
 21318  
CTRIA3  
 21000  
 1      
 21322  
 21324  
 21323  
CTRIA3  
 21008  
 1      
 21289  
 21309  
 21287  
CTRIA3  
 21009  
 1      
 21309  
 21276  
 21287  
CTRIA3  
 21010  
 1      
 21310  
 21316  
 21312  
CTRIA3  
 21011  
 1      
 21313  
 21320  
 21315  
CTRIA3  
 21012  
 1      
 21317  
 21325  
 21319  
CTRIA3  
 21013  
 1      
 21322  
 21228  
 21324  
CTRIA3  
 21018  
 1      
 21227  
 21228  
 21322  
CTRIA3  
 21030  
 1      
 21208  
 19053  
 19063  
CTRIA3  
 21032  
 1      
 19043  
 19053  
 21208  
CTRIA3  
 21084  
 1      
 21054  
 21055  
 21360  
CTRIA3  
 21086  
 1      
 20910  
 20911  
 21357  
CTRIA3  
 21088  
 1      
 20828  
 20829  
 21354  
CTRIA3  
 21090  
 1      
 20711  
 20712  
 21351  
CTRIA3  
 21092  
 1      
 20604  
 20605  
 21348  
CTRIA3  
 21094  
 1      
 18791  
 21345  
 18792  
CTRIA3  
 21096  
 1      
 18714  
 21342  
 18716  
CTRIA3  
 21098  
 1      
 18642  
 21339  
 18643  
CTRIA3  
 21659  
 1      
 22000  
 21989  
 22012  
CTRIA3  
 21661  
 1      
 22048  
 22038  
 22059  
CTRIA3  
 21663  
 1      
 22081  
 22072  
 22091  
CTRIA3  
 21665  
 1      
 22111  
 22103  
 22120  
CTRIA3  
 21666  
 1      
 22154  
 22148  
 22161  
CTRIA3  
 22743  
 1      
 22177  
 22184  
 22178  
CTRIA3  
 22771  
 1      
 23189  
 23252  
 23191  
CTRIA3  
 22778  
 1      
 21227  
 22225  
 23085  
CTRIA3  
 22779  
 1      
 22225  
 21227  
 21226  
CTRIA3  
 22823  
 1      
 23301  
 23317  
 23310  
CTRIA3  
 22953  
 1      
 23379  
 23430  
 23386  
CTRIA3  
 22992  
 1      
 23465  
 23440  
 23421  
CTRIA3  
 23088  
 1      
 23555  
 23542  
 23524  
CTRIA3  
 23361  
 1      
 23824  
 23770  
 23747  
CTRIA3  
 23590  
 1      
 23986  
 24048  
 23906  
CTRIA3  
 23760  
 1      
 24138  
 24137  
 21987  
CTRIA3  
 23828  
 1      
 24172  
 24165  
 22146  
CTRIA3  
 23839  
 1      
 24038  
 24060  
 24039  
CTRIA3  
 23841  
 1      
 24175  
 22130  
 22121  
CTRIA3  
 23843  
 1      
 22112  
 24175  
 22121  
CTRIA3  
 23895  
 1      
 24029  
 24204  
 24030  
CTRIA3  
 23897  
 1      
 23885  
 24201  
 23886  
CTRIA3  
 23899  
 1      
 23803  
 24198  
 23804  
CTRIA3  
 23901  
 1      
 23686  
 24195  
 23687  
CTRIA3  
 23903  
 1      
 23579  
 24192  
 23580  
CTRIA3  
 23905  
 1      
 21878  
 21879  
 24189  
CTRIA3  
 23907  
 1      
 21802  
 21804  
 24186  
CTRIA3  
 23909  
 1      
 21730  
 21731  
 24183  
CTRIA3  
 23911  
 1      
 23655  
 23676  
 24182  
CTRIA3  
 23913  
 1      
 23634  
 23655  
 24182  
CTRIA3  
 23914  
 1      
 23003  
 23004  
 23006  
CTRIA3  
 23915  
 1      
 23004  
 23007  
 23006  
CTRIA3  
 30779  
 1      
 31194  
 18493  
 31202  
CTRIA3  
 32627  
 1      
 32976  
 32984  
 21600  
CTRIA3  
 41661  
 1      
 42122  
 42111  
 42109  
CTRIA3  
 41663  
 1      
 42082  
 42084  
 42097  
CTRIA3  
 41664  
 1      
 42097  
 42098  
 42122  
CTRIA3  
 41665  
 1      
 42096  
 42097  
 42122  
CTRIA3  
 41666  
 1      
 42106  
 42108  
 42114  
CTRIA3  
 41667  
 1      
 42113  
 42114  
 42123  
CTRIA3  
 41668  
 1      
 42114  
 42115  
 42123  
CTRIA3  
 41669  
 1      
 42123  
 42119  
 42117  
CTRIA3  
 41672  
 1      
 42127  
 42129  
 42128  
CTRIA3  
 41673  
 1      
 42130  
 42131  
 42133  
CTRIA3  
 41706  
 1      
 42206  
 42207  
 42209  
CTRIA3  
 41708  
 1      
 42211  
 42216  
 42213  
CTRIA3  
 41745  
 1      
 42148  
 42212  
 42130  
CTRIA3  
 41863  
 1      
 42373  
 42372  
 42374  
CTRIA3  
 41947  
 1      
 42469  
 42467  
 42468  
CTRIA3  
 41948  
 1      
 42372  
 42373  
 42421  
CTRIA3  
 41958  
 1      
 42476  
 42422  
 42468  
CTRIA3  
 41965  
 1      
 42480  
 42346  
 42322  
CTRIA3  
 42010  
 1      
 42049  
 41650  
 41651  
CTRIA3  
 42030  
 1      
 42125  
 42537  
 42121  
CTRIA3  
 42032  
 1      
 42010  
 41975  
 42538  
CTRIA3  
 42035  
 1      
 42046  
 42037  
 42542  
CTRIA3  
 42036  
 1      
 42048  
 42543  
 42047  
CTRIA3  
 42037  
 1      
 42008  
 41974  
 42544  
CTRIA3  
 42040  
 1      
 42045  
 42036  
 42546  
CTRIA3  
 42044  
 1      
 42006  
 41973  
 42547  
CTRIA3  
 42054  
 1      
 42002  
 41971  
 42550  
CTRIA3  
 42056  
 1      
 41996  
 41968  
 42559  
CTRIA3  
 42058  
 1      
 42044  
 42035  
 42549  
CTRIA3  
 42060  
 1      
 42018  
 42015  
 42552  
CTRIA3  
 42062  
 1      
 42017  
 42014  
 42554  
CTRIA3  
 42064  
 1      
 42016  
 42013  
 42556  
CTRIA3  
 42066  
 1      
 42022  
 42027  
 42558  
CTRIA3  
 42079  
 1      
 41708  
 41698  
 42567  
CTRIA3  
 42081  
 1      
 41813  
 41811  
 42565  
CTRIA3  
 42083  
 1      
 41822  
 41809  
 42562  
CTRIA3  
 42085  
 1      
 41691  
 41793  
 42563  
CTRIA3  
 42087  
 1      
 42212  
 42213  
 42243  
CTRIA3  
 42089  
 1      
 41998  
 41969  
 42569  
CTRIA3  
 42091  
 1      
 42000  
 41970  
 42570  
CTRIA3  
 42128  
 1      
 42248  
 42571  
 42572  
CTRIA3  
 42159  
 1      
 42118  
 42624  
 42622  
CTRIA3  
 42160  
 1      
 42627  
 42121  
 42626  
CTRIA3  
 42186  
 1      
 42640  
 42068  
 42069  
CTRIA3  
 42191  
 1      
 42652  
 42630  
 20215  
CTRIA3  
 42192  
 1      
 42423  
 42425  
 42651  
CTRIA3  
 42393  
 1      
 42830  
 42850  
 42831  
CTRIA3  
 42395  
 1      
 42832  
 42851  
 42833  
CTRIA3  
 42397  
 1      
 42834  
 42852  
 42835  
CTRIA3  
 42398  
 1      
 42443  
 42445  
 42865  
CTRIA3  
 42399  
 1      
 42864  
 42865  
 42445  
CTRIA3  
 42400  
 1      
 42863  
 42803  
 42862  
CTRIA3  
 42401  
 1      
 42791  
 42862  
 42803  
CTRIA3  
 42413  
 1      
 42808  
 42869  
 42807  
CTRIA3  
 42420  
 1      
 42877  
 42453  
 42455  
CTRIA3  
 42421  
 1      
 42877  
 42455  
 42876  
CTRIA3  
 42422  
 1      
 42875  
 42878  
 42874  
CTRIA3  
 42423  
 1      
 42740  
 42874  
 42878  
CTRIA3  
 42449  
 1      
 42457  
 42459  
 42879  
CTRIA3  
 42456  
 1      
 42887  
 42886  
 42750  
CTRIA3  
 42457  
 1      
 42466  
 42912  
 42911  
CTRIA3  
 42458  
 1      
 42910  
 42911  
 42912  
CTRIA3  
 42459  
 1      
 42909  
 42910  
 42912  
CTRIA3  
 42460  
 1      
 42905  
 42906  
 42477  
CTRIA3  
 42461  
 1      
 42907  
 42908  
 42913  
CTRIA3  
 42465  
 1      
 42912  
 42467  
 42913  
CTRIA3  
 42466  
 1      
 42467  
 42912  
 42466  
CTRIA3  
 42517  
 1      
 42082  
 42083  
 42969  
CTRIA3  
 42518  
 1      
 42080  
 42081  
 42970  
CTRIA3  
 42520  
 1      
 42969  
 41648  
 42527  
CTRIA3  
 42523  
 1      
 42528  
 42933  
 41648  
CTRIA3  
 42530  
 1      
 41642  
 42529  
 42963  
CTRIA3  
 42531  
 1      
 42529  
 41642  
 42095  
CTRIA3  
 42559  
 1      
 43014  
 43013  
 42964  
CTRIA3  
 42565  
 1      
 41904  
 43019  
 42065  
CTRIA3  
 42567  
 1      
 41902  
 43020  
 42064  
CTRIA3  
 42568  
 1      
 41641  
 42062  
 42531  
CTRIA3  
 42570  
 1      
 41639  
 42989  
 42060  
CTRIA3  
 42575  
 1      
 42532  
 42533  
 42063  
CTRIA3  
 42578  
 1      
 42417  
 43049  
 42416  
CTRIA3  
 42579  
 1      
 42227  
 42232  
 43050  
CTRIA3  
 42580  
 1      
 42895  
 42896  
 42903  
CTRIA3  
 42581  
 1      
 42895  
 42903  
 42902  
CTRIA3  
 42583  
 1      
 43050  
 42200  
 42227  
CTRIA3  
 42584  
 1      
 42200  
 42205  
 43113  
CTRIA3  
 42585  
 1      
 42220  
 43064  
 43078  
CTRIA3  
 42590  
 1      
 42211  
 42213  
 42212  
CTRIA3  
 42592  
 1      
 42136  
 43114  
 43079  
CTRIA3  
 42593  
 1      
 42904  
 43112  
 42903  
CTRIA3  
 42597  
 1      
 42488  
 42465  
 42489  
CTRIA3  
 42598  
 1      
 43077  
 43116  
 42466  
CTRIA3  
 42599  
 1      
 43114  
 43078  
 42211  
CTRIA3  
 42600  
 1      
 42135  
 43114  
 42136  
CTRIA3  
 42603  
 1      
 43089  
 43116  
 42465  
CTRIA3  
 42606  
 1      
 43088  
 42397  
 42420  
CTRIA3  
 42609  
 1      
 42371  
 43101  
 42397  
CTRIA3  
 42610  
 1      
 42474  
 43101  
 42473  
CTRIA3  
 42623  
 1      
 42472  
 43100  
 42473  
CTRIA3  
 42632  
 1      
 43090  
 42148  
 43115  
CTRIA3  
 42635  
 1      
 42149  
 43115  
 43091  
CTRIA3  
 42636  
 1      
 42904  
 42464  
 42489  
CTRIA3  
 42638  
 1      
 43049  
 42417  
 43102  
CTRIA3  
 42639  
 1      
 42463  
 42462  
 42418  
CTRIA3  
 42642  
 1      
 42418  
 43102  
 42395  
CTRIA3  
 42643  
 1      
 42485  
 42486  
 42395  
CTRIA3  
 42644  
 1      
 42485  
 42395  
 42369  
CTRIA3  
 42645  
 1      
 42485  
 42484  
 42344  
CTRIA3  
 42653  
 1      
 42344  
 42370  
 42485  
CTRIA3  
 42654  
 1      
 43111  
 42320  
 42295  
CTRIA3  
 42665  
 1      
 42793  
 42794  
 42797  
CTRIA3  
 42666  
 1      
 43117  
 42636  
 42648  
CTRIA3  
 42669  
 1      
 43117  
 42637  
 20208  
CTRIA3  
 42670  
 1      
 42677  
 42675  
 42714  
CTRIA3  
 42671  
 1      
 42714  
 42675  
 42715  
CTRIA3  
 42672  
 1      
 42848  
 42849  
 42728  
CTRIA3  
 42673  
 1      
 42849  
 42729  
 42728  
CTRIA3  
 42674  
 1      
 42723  
 42731  
 42727  
CTRIA3  
 42675  
 1      
 42731  
 42734  
 42727  
CTRIA3  
 42676  
 1      
 43272  
 42128  
 43050  
CTRIA3  
 42677  
 1      
 43274  
 43272  
 42126  
CTRIA3  
 42679  
 1      
 43275  
 42048  
 43273  
CTRIA3  
 42683  
 1      
 43281  
 42541  
 42543  
CTRIA3  
 42687  
 1      
 42619  
 43283  
 42541  
CTRIA3  
 42693  
 1      
 43277  
 43276  
 41976  
CTRIA3  
 42694  
 1      
 43276  
 42012  
 43282  
CTRIA3  
 42695  
 1      
 42117  
 42118  
 42012  
CTRIA3  
 42698  
 1      
 42116  
 42117  
 43277  
CTRIA3  
 42700  
 1      
 42116  
 42112  
 43278  
CTRIA3  
 42701  
 1      
 43280  
 43279  
 42104  
CTRIA3  
 42702  
 1      
 43278  
 43279  
 42105  
CTRIA3  
 42703  
 1      
 42107  
 42106  
 42105  
CTRIA3  
 42704  
 1      
 42104  
 42112  
 42103  
CTRIA3  
 42709  
 1      
 43286  
 42107  
 43280  
CTRIA3  
 42710  
 1      
 43287  
 43286  
 42100  
CTRIA3  
 42711  
 1      
 42101  
 42109  
 42107  
CTRIA3  
 42712  
 1      
 42100  
 42104  
 42099  
CTRIA3  
 42713  
 1      
 42080  
 43288  
 42093  
CTRIA3  
 42714  
 1      
 42093  
 42100  
 42091  
CTRIA3  
 42715  
 1      
 43288  
 42101  
 43287  
CTRIA3  
 42718  
 1      
 42083  
 42080  
 42970  
CTRIA3  
 42719  
 1      
 42083  
 42082  
 42080  
CTRIA3  
 42720  
 1      
 43291  
 42137  
 42142  
CTRIA3  
 42721  
 1      
 42139  
 42140  
 43291  
CTRIA3  
 42724  
 1      
 42228  
 42226  
 42139  
CTRIA3  
 42725  
 1      
 42226  
 42218  
 42139  
CTRIA3  
 42728  
 1      
 41866  
 42232  
 43292  
CTRIA3  
 42729  
 1      
 43292  
 42226  
 42233  
CTRIA3  
 42730  
 1      
 41771  
 41772  
 41866  
CTRIA3  
 42731  
 1      
 41772  
 41867  
 41866  
CTRIA3  
 42733  
 1      
 42045  
 42546  
 43289  
CTRIA3  
 42734  
 1      
 42544  
 41974  
 41975  
CTRIA3  
 42735  
 1      
 42544  
 41975  
 42010  
CTRIA3  
 42737  
 1      
 41975  
 41957  
 43290  
CTRIA3  
 42739  
 1      
 43290  
 41940  
 41958  
CTRIA3  
 42740  
 1      
 41922  
 41903  
 42102  
CTRIA3  
 42741  
 1      
 41922  
 42102  
 42103  
CTRIA3  
 42742  
 1      
 42102  
 42094  
 42088  
CTRIA3  
 42743  
 1      
 42102  
 42088  
 42099  
CTRIA3  
 42744  
 1      
 42088  
 42089  
 42090  
CTRIA3  
 42745  
 1      
 42088  
 42090  
 42091  
CTRIA3  
 42746  
 1      
 42092  
 42090  
 41645  
CTRIA3  
 42747  
 1      
 42090  
 41644  
 41645  
CTRIA3  
 42748  
 1      
 43294  
 41800  
 41806  
CTRIA3  
 42749  
 1      
 43295  
 43294  
 41799  
CTRIA3  
 42750  
 1      
 41794  
 41795  
 41800  
CTRIA3  
 42754  
 1      
 43296  
 41794  
 43295  
CTRIA3  
 42755  
 1      
 41796  
 41799  
 41801  
CTRIA3  
 42756  
 1      
 43297  
 41768  
 41767  
CTRIA3  
 42757  
 1      
 41767  
 43296  
 41796  
CTRIA3  
 42769  
 1      
 43301  
 43300  
 42595  
CTRIA3  
 42773  
 1      
 43303  
 41973  
 42006  
CTRIA3  
 42775  
 1      
 41973  
 41955  
 43304  
CTRIA3  
 42777  
 1      
 43304  
 41938  
 41956  
CTRIA3  
 42779  
 1      
 43306  
 43019  
 41904  
CTRIA3  
 42781  
 1      
 41901  
 41902  
 43306  
CTRIA3  
 42783  
 1      
 43305  
 41901  
 41921  
CTRIA3  
 42785  
 1      
 41938  
 41920  
 43305  
CTRIA3  
 42786  
 1      
 42530  
 43019  
 42536  
CTRIA3  
 42787  
 1      
 42530  
 42065  
 43019  
CTRIA3  
 42789  
 1      
 41971  
 41953  
 43395  
CTRIA3  
 42791  
 1      
 41936  
 41954  
 43395  
CTRIA3  
 42793  
 1      
 41918  
 41895  
 43396  
CTRIA3  
 42795  
 1      
 43396  
 41898  
 41897  
CTRIA3  
 42796  
 1      
 42532  
 42063  
 43397  
CTRIA3  
 42797  
 1      
 43397  
 41898  
 42062  
CTRIA3  
 42803  
 1      
 41661  
 43398  
 41671  
CTRIA3  
 42804  
 1      
 42568  
 41804  
 42566  
CTRIA3  
 42805  
 1      
 42568  
 41677  
 41804  
CTRIA3  
 42806  
 1      
 41933  
 41951  
 43399  
CTRIA3  
 42807  
 1      
 43399  
 41968  
 41950  
CTRIA3  
 42813  
 1      
 42059  
 43401  
 41892  
CTRIA3  
 42814  
 1      
 41892  
 41891  
 43400  
CTRIA3  
 42815  
 1      
 41889  
 43400  
 41915  
CTRIA3  
 42816  
 1      
 41639  
 42060  
 43401  
CTRIA3  
 42820  
 1      
 43406  
 41989  
 42026  
CTRIA3  
 42831  
 1      
 41990  
 41965  
 43407  
CTRIA3  
 42833  
 1      
 41912  
 41883  
 43410  
CTRIA3  
 42839  
 1      
 41912  
 41930  
 43409  
CTRIA3  
 42840  
 1      
 42056  
 41886  
 43411  
CTRIA3  
 42866  
 1      
 42137  
 43665  
 43661  
CTRIA3  
 42868  
 1      
 43667  
 43664  
 42143  
CTRIA3  
 42870  
 1      
 43668  
 43666  
 42138  
CTRIA3  
 42873  
 1      
 41817  
 43653  
 41820  
CTRIA3  
 42875  
 1      
 43115  
 42148  
 43667  
CTRIA3  
 42877  
 1      
 43115  
 42149  
 43668  
CTRIA3  
 42892  
 1      
 41772  
 43688  
 43689  
CTRIA3  
 42894  
 1      
 42046  
 43690  
 43689  
CTRIA3  
 42896  
 1      
 43692  
 41867  
 43690  
CTRIA3  
 42897  
 1      
 43692  
 43273  
 43694  
CTRIA3  
 42899  
 1      
 43692  
 42126  
 41867  
CTRIA3  
 42900  
 1      
 43275  
 43273  
 43692  
CTRIA3  
 42902  
 1      
 42124  
 42127  
 43698  
CTRIA3  
 42903  
 1      
 43698  
 43696  
 42124  
CTRIA3  
 42904  
 1      
 43694  
 43696  
 43274  
CTRIA3  
 42905  
 1      
 42048  
 42124  
 43696  
CTRIA3  
 42906  
 1      
 43698  
 42128  
 43696  
CTRIA3  
 42907  
 1      
 43698  
 42127  
 42128  
CTRIA3  
 42911  
 1      
 42022  
 42016  
 43681  
CTRIA3  
 42913  
 1      
 42992  
 43705  
 42991  
CTRIA3  
 42915  
 1      
 41635  
 42525  
 43707  
CTRIA3  
 42918  
 1      
 42536  
 43012  
 43018  
CTRIA3  
 43118  
 1      
 43908  
 43856  
 43932  
CTRIA3  
 43120  
 1      
 43850  
 43962  
 43909  
CTRIA3  
 43147  
 1      
 44013  
 43963  
 44012  
CTRIA3  
 43154  
 1      
 43991  
 43990  
 44053  
CTRIA3  
 43156  
 1      
 43844  
 44055  
 43905  
CTRIA3  
 43159  
 1      
 43917  
 44017  
 44011  
CTRIA3  
 43595  
 1      
 42122  
 44597  
 42111  
CTRIA3  
 43597  
 1      
 44579  
 44586  
 44580  
CTRIA3  
 43598  
 1      
 44586  
 42122  
 42098  
CTRIA3  
 43599  
 1      
 44585  
 42122  
 44586  
CTRIA3  
 43600  
 1      
 44594  
 44600  
 44596  
CTRIA3  
 43601  
 1      
 44599  
 42123  
 44600  
CTRIA3  
 43602  
 1      
 44600  
 42123  
 42115  
CTRIA3  
 43603  
 1      
 42123  
 44602  
 42119  
CTRIA3  
 43606  
 1      
 42127  
 44605  
 42129  
CTRIA3  
 43607  
 1      
 44606  
 44608  
 44607  
CTRIA3  
 43640  
 1      
 44672  
 44674  
 44673  
CTRIA3  
 43642  
 1      
 44675  
 44677  
 44678  
CTRIA3  
 43679  
 1      
 44621  
 44606  
 44676  
CTRIA3  
 43797  
 1      
 42373  
 42374  
 44828  
CTRIA3  
 43881  
 1      
 42469  
 42468  
 44919  
CTRIA3  
 43882  
 1      
 44828  
 42421  
 42373  
CTRIA3  
 43892  
 1      
 44926  
 42468  
 42422  
CTRIA3  
 43899  
 1      
 44929  
 44780  
 44804  
CTRIA3  
 43916  
 1      
 44552  
 43858  
 43857  
CTRIA3  
 43928  
 1      
 42125  
 42121  
 44941  
CTRIA3  
 43930  
 1      
 44513  
 44942  
 44478  
CTRIA3  
 43933  
 1      
 44549  
 44946  
 44540  
CTRIA3  
 43934  
 1      
 44551  
 44550  
 44947  
CTRIA3  
 43935  
 1      
 44511  
 44948  
 44477  
CTRIA3  
 43938  
 1      
 44548  
 44950  
 44539  
CTRIA3  
 43942  
 1      
 44509  
 44951  
 44476  
CTRIA3  
 43952  
 1      
 44505  
 44954  
 44474  
CTRIA3  
 43954  
 1      
 44499  
 44963  
 44471  
CTRIA3  
 43956  
 1      
 44547  
 44953  
 44538  
CTRIA3  
 43958  
 1      
 44521  
 44956  
 44518  
CTRIA3  
 43960  
 1      
 44520  
 44958  
 44517  
CTRIA3  
 43962  
 1      
 44519  
 44960  
 44516  
CTRIA3  
 43964  
 1      
 44525  
 44962  
 44530  
CTRIA3  
 43977  
 1      
 44211  
 44971  
 44201  
CTRIA3  
 43979  
 1      
 44316  
 44969  
 44314  
CTRIA3  
 43981  
 1      
 44325  
 44966  
 44312  
CTRIA3  
 43983  
 1      
 44194  
 44967  
 44296  
CTRIA3  
 43985  
 1      
 44676  
 44703  
 44677  
CTRIA3  
 43987  
 1      
 44501  
 44973  
 44472  
CTRIA3  
 43989  
 1      
 44503  
 44974  
 44473  
CTRIA3  
 44026  
 1      
 44708  
 44976  
 44975  
CTRIA3  
 44057  
 1      
 44603  
 45026  
 45028  
CTRIA3  
 44058  
 1      
 42627  
 45030  
 42121  
CTRIA3  
 44084  
 1      
 45041  
 44569  
 44568  
CTRIA3  
 44089  
 1      
 45053  
 23275  
 45031  
CTRIA3  
 44090  
 1      
 44875  
 45052  
 44877  
CTRIA3  
 44291  
 1      
 45216  
 45217  
 45235  
CTRIA3  
 44293  
 1      
 45218  
 45219  
 45236  
CTRIA3  
 44295  
 1      
 45220  
 45221  
 45237  
CTRIA3  
 44296  
 1      
 44895  
 45250  
 44897  
CTRIA3  
 44297  
 1      
 45249  
 44897  
 45250  
CTRIA3  
 44298  
 1      
 45248  
 45247  
 45189  
CTRIA3  
 44299  
 1      
 45177  
 45189  
 45247  
CTRIA3  
 44311  
 1      
 45194  
 45193  
 45254  
CTRIA3  
 44318  
 1      
 45262  
 44907  
 44905  
CTRIA3  
 44319  
 1      
 45262  
 45261  
 44907  
CTRIA3  
 44320  
 1      
 45260  
 45259  
 45263  
CTRIA3  
 44321  
 1      
 45129  
 45263  
 45259  
CTRIA3  
 44347  
 1      
 44909  
 45264  
 44911  
CTRIA3  
 44354  
 1      
 45271  
 45136  
 45270  
CTRIA3  
 44355  
 1      
 44918  
 45292  
 45293  
CTRIA3  
 44356  
 1      
 45291  
 45293  
 45292  
CTRIA3  
 44357  
 1      
 45290  
 45293  
 45291  
CTRIA3  
 44358  
 1      
 42905  
 42477  
 45287  
CTRIA3  
 44359  
 1      
 45288  
 45294  
 45289  
CTRIA3  
 44363  
 1      
 45293  
 45294  
 44919  
CTRIA3  
 44364  
 1      
 44919  
 44918  
 45293  
CTRIA3  
 44367  
 1      
 44579  
 43968  
 43864  
CTRIA3  
 44368  
 1      
 44578  
 43969  
 43863  
CTRIA3  
 44370  
 1      
 43968  
 43907  
 43856  
CTRIA3  
 44377  
 1      
 43909  
 43869  
 43850  
CTRIA3  
 44379  
 1      
 44407  
 43862  
 44018  
CTRIA3  
 44381  
 1      
 44405  
 43861  
 44019  
CTRIA3  
 44382  
 1      
 43912  
 43911  
 44565  
CTRIA3  
 44384  
 1      
 43848  
 44563  
 43988  
CTRIA3  
 44389  
 1      
 43913  
 43860  
 43914  
CTRIA3  
 44392  
 1      
 44871  
 44870  
 45494  
CTRIA3  
 44393  
 1      
 44687  
 45500  
 44692  
CTRIA3  
 44394  
 1      
 45278  
 45285  
 45279  
CTRIA3  
 44395  
 1      
 45278  
 45284  
 45285  
CTRIA3  
 44397  
 1      
 45500  
 44687  
 44668  
CTRIA3  
 44398  
 1      
 44668  
 45594  
 44671  
CTRIA3  
 44399  
 1      
 44681  
 45536  
 45518  
CTRIA3  
 44404  
 1      
 44675  
 44676  
 44677  
CTRIA3  
 44406  
 1      
 44610  
 45537  
 45595  
CTRIA3  
 44407  
 1      
 45286  
 45285  
 45593  
CTRIA3  
 44411  
 1      
 44937  
 44938  
 44917  
CTRIA3  
 44412  
 1      
 45535  
 44918  
 45597  
CTRIA3  
 44413  
 1      
 45595  
 44675  
 45536  
CTRIA3  
 44414  
 1      
 44609  
 44610  
 45595  
CTRIA3  
 44417  
 1      
 45550  
 44917  
 45597  
CTRIA3  
 44420  
 1      
 45549  
 44874  
 44851  
CTRIA3  
 44423  
 1      
 44827  
 44851  
 45562  
CTRIA3  
 44424  
 1      
 44924  
 44923  
 45562  
CTRIA3  
 44437  
 1      
 44922  
 44923  
 45561  
CTRIA3  
 44446  
 1      
 45551  
 45596  
 44621  
CTRIA3  
 44449  
 1      
 44622  
 45552  
 45596  
CTRIA3  
 44450  
 1      
 45286  
 44938  
 44916  
CTRIA3  
 44452  
 1      
 45494  
 45574  
 44871  
CTRIA3  
 44453  
 1      
 44915  
 44872  
 44914  
CTRIA3  
 44456  
 1      
 44872  
 44849  
 45574  
CTRIA3  
 44457  
 1      
 44934  
 44849  
 44935  
CTRIA3  
 44458  
 1      
 44934  
 44825  
 44849  
CTRIA3  
 44459  
 1      
 44934  
 44802  
 44933  
CTRIA3  
 44467  
 1      
 44802  
 44934  
 44826  
CTRIA3  
 44468  
 1      
 45592  
 44754  
 44778  
CTRIA3  
 44479  
 1      
 45179  
 45183  
 45180  
CTRIA3  
 44480  
 1      
 45628  
 45049  
 45037  
CTRIA3  
 44483  
 1      
 45628  
 23268  
 45038  
CTRIA3  
 44484  
 1      
 45075  
 45106  
 45073  
CTRIA3  
 44485  
 1      
 45106  
 45107  
 45073  
CTRIA3  
 44486  
 1      
 45233  
 45117  
 45234  
CTRIA3  
 44487  
 1      
 45234  
 45117  
 45118  
CTRIA3  
 44488  
 1      
 45113  
 45116  
 45120  
CTRIA3  
 44489  
 1      
 45120  
 45116  
 45123  
CTRIA3  
 44490  
 1      
 45847  
 45500  
 44605  
CTRIA3  
 44491  
 1      
 45849  
 44604  
 45847  
CTRIA3  
 44493  
 1      
 45850  
 45848  
 44551  
CTRIA3  
 44497  
 1      
 45856  
 44947  
 44945  
CTRIA3  
 44501  
 1      
 45023  
 44945  
 45858  
CTRIA3  
 44507  
 1      
 45852  
 44479  
 45851  
CTRIA3  
 44508  
 1      
 45851  
 45857  
 44515  
CTRIA3  
 44509  
 1      
 44602  
 44515  
 44603  
CTRIA3  
 44512  
 1      
 44601  
 45852  
 44602  
CTRIA3  
 44514  
 1      
 44601  
 45853  
 44598  
CTRIA3  
 44515  
 1      
 45855  
 44592  
 45854  
CTRIA3  
 44516  
 1      
 45853  
 44593  
 45854  
CTRIA3  
 44517  
 1      
 44595  
 44593  
 44594  
CTRIA3  
 44518  
 1      
 44592  
 44591  
 44598  
CTRIA3  
 44523  
 1      
 45861  
 45855  
 44595  
CTRIA3  
 44524  
 1      
 45862  
 44588  
 45861  
CTRIA3  
 44525  
 1      
 44589  
 44595  
 44597  
CTRIA3  
 44526  
 1      
 44588  
 44587  
 44592  
CTRIA3  
 44527  
 1      
 44578  
 44583  
 45863  
CTRIA3  
 44528  
 1      
 44583  
 44582  
 44588  
CTRIA3  
 44529  
 1      
 45863  
 45862  
 44589  
CTRIA3  
 44532  
 1      
 43864  
 43969  
 44578  
CTRIA3  
 44533  
 1      
 43864  
 44578  
 44579  
CTRIA3  
 44534  
 1      
 45866  
 44616  
 44611  
CTRIA3  
 44535  
 1      
 44613  
 45866  
 44614  
CTRIA3  
 44538  
 1      
 44688  
 44613  
 44686  
CTRIA3  
 44539  
 1      
 44686  
 44613  
 44679  
CTRIA3  
 44542  
 1      
 44369  
 45867  
 44692  
CTRIA3  
 44543  
 1      
 45867  
 44693  
 44686  
CTRIA3  
 44544  
 1      
 44274  
 44369  
 44275  
CTRIA3  
 44545  
 1      
 44275  
 44369  
 44370  
CTRIA3  
 44547  
 1      
 44548  
 45864  
 44950  
CTRIA3  
 44548  
 1      
 44948  
 44478  
 44477  
CTRIA3  
 44549  
 1      
 44948  
 44513  
 44478  
CTRIA3  
 44551  
 1      
 44478  
 45865  
 44460  
CTRIA3  
 44553  
 1      
 45865  
 44461  
 44443  
CTRIA3  
 44554  
 1      
 44425  
 44590  
 44406  
CTRIA3  
 44555  
 1      
 44425  
 44591  
 44590  
CTRIA3  
 44556  
 1      
 44590  
 44581  
 44584  
CTRIA3  
 44557  
 1      
 44590  
 44587  
 44581  
CTRIA3  
 44558  
 1      
 44581  
 43867  
 43866  
CTRIA3  
 44559  
 1      
 44581  
 44582  
 43867  
CTRIA3  
 44560  
 1      
 43868  
 43853  
 43867  
CTRIA3  
 44561  
 1      
 43867  
 43853  
 43852  
CTRIA3  
 44562  
 1      
 45869  
 44309  
 44303  
CTRIA3  
 44563  
 1      
 45870  
 44302  
 45869  
CTRIA3  
 44564  
 1      
 44297  
 44303  
 44298  
CTRIA3  
 44568  
 1      
 45871  
 45870  
 44297  
CTRIA3  
 44569  
 1      
 44299  
 44304  
 44302  
CTRIA3  
 44570  
 1      
 45872  
 44270  
 44271  
CTRIA3  
 44571  
 1      
 44270  
 44299  
 45871  
CTRIA3  
 44583  
 1      
 45876  
 44999  
 45875  
CTRIA3  
 44587  
 1      
 45878  
 44509  
 44476  
CTRIA3  
 44589  
 1      
 44476  
 45879  
 44458  
CTRIA3  
 44591  
 1      
 45879  
 44459  
 44441  
CTRIA3  
 44593  
 1      
 45881  
 44407  
 44018  
CTRIA3  
 44595  
 1      
 44404  
 45881  
 44405  
CTRIA3  
 44597  
 1      
 45880  
 44424  
 44404  
CTRIA3  
 44599  
 1      
 44441  
 45880  
 44423  
CTRIA3  
 44600  
 1      
 43910  
 43917  
 44018  
CTRIA3  
 44601  
 1      
 43910  
 44018  
 43862  
CTRIA3  
 44603  
 1      
 44474  
 46059  
 44456  
CTRIA3  
 44605  
 1      
 44439  
 46059  
 44457  
CTRIA3  
 44607  
 1      
 44421  
 46060  
 44398  
CTRIA3  
 44609  
 1      
 46060  
 44400  
 44401  
CTRIA3  
 44610  
 1      
 43913  
 46061  
 43860  
CTRIA3  
 44611  
 1      
 46061  
 44565  
 44401  
CTRIA3  
 44617  
 1      
 44164  
 44174  
 46184  
CTRIA3  
 44618  
 1      
 44972  
 44970  
 44307  
CTRIA3  
 44619  
 1      
 44972  
 44307  
 44180  
CTRIA3  
 44620  
 1      
 44436  
 46185  
 44454  
CTRIA3  
 44621  
 1      
 46185  
 44453  
 44471  
CTRIA3  
 44627  
 1      
 44562  
 44395  
 46187  
CTRIA3  
 44628  
 1      
 44395  
 46186  
 44394  
CTRIA3  
 44629  
 1      
 44392  
 44418  
 46186  
CTRIA3  
 44630  
 1      
 43848  
 46187  
 44563  
CTRIA3  
 44634  
 1      
 46541  
 44529  
 44492  
CTRIA3  
 44645  
 1      
 44493  
 46192  
 44468  
CTRIA3  
 44647  
 1      
 44415  
 46195  
 44386  
CTRIA3  
 44653  
 1      
 44415  
 46194  
 44433  
CTRIA3  
 44654  
 1      
 44559  
 46196  
 44389  
CTRIA3  
 44680  
 1      
 44611  
 46418  
 46421  
CTRIA3  
 44682  
 1      
 46423  
 44617  
 46420  
CTRIA3  
 44684  
 1      
 46424  
 44612  
 46422  
CTRIA3  
 44687  
 1      
 44320  
 44323  
 46410  
CTRIA3  
 44689  
 1      
 45596  
 46423  
 44621  
CTRIA3  
 44691  
 1      
 45596  
 46424  
 44622  
CTRIA3  
 44706  
 1      
 44275  
 46507  
 46506  
CTRIA3  
 44708  
 1      
 44549  
 46507  
 46508  
CTRIA3  
 44710  
 1      
 46510  
 46508  
 44370  
CTRIA3  
 44711  
 1      
 46510  
 46512  
 45848  
CTRIA3  
 44713  
 1      
 46510  
 44370  
 44604  
CTRIA3  
 44714  
 1      
 45850  
 46510  
 45848  
CTRIA3  
 44716  
 1      
 42124  
 46516  
 42127  
CTRIA3  
 44717  
 1      
 46516  
 42124  
 46514  
CTRIA3  
 44718  
 1      
 46512  
 45849  
 46514  
CTRIA3  
 44719  
 1      
 44551  
 46514  
 42124  
CTRIA3  
 44720  
 1      
 46516  
 46514  
 44605  
CTRIA3  
 44721  
 1      
 46516  
 44605  
 42127  
CTRIA3  
 44725  
 1      
 44525  
 46499  
 44519  
CTRIA3  
 44894  
 1      
 46792  
 15115  
 15114  
CTRIA3  
 44895  
 1      
 46860  
 46796  
 17187  
CTRIA3  
 44904  
 1      
 46792  
 46784  
 46783  
CTRIA3  
 44930  
 1      
 46875  
 46859  
 46876  
CTRIA3  
 44961  
 1      
 46778  
 46785  
 46864  
CTRIA3  
 44983  
 1      
 46779  
 46778  
 46885  
CTRIA3  
 45004  
 1      
 46780  
 46779  
 46910  
CTRIA3  
 45024  
 1      
 46776  
 46780  
 46923  
CTRIA3  
 45044  
 1      
 46777  
 46947  
 46776  
CTRIA3  
 45064  
 1      
 46963  
 46950  
 46949  
CTRIA3  
 45102  
 1      
 46599  
 46598  
 46984  
CTRIA3  
 45120  
 1      
 46586  
 46599  
 47000  
CTRIA3  
 45137  
 1      
 46587  
 46586  
 47010  
CTRIA3  
 45159  
 1      
 47092  
 47081  
 47091  
CTRIA3  
 45160  
 1      
 47081  
 47079  
 47080  
CTRIA3  
 45161  
 1      
 47121  
 47112  
 46576  
CTRIA3  
 45247  
 1      
 47119  
 47124  
 47125  
CTRIA3  
 45248  
 1      
 46843  
 47118  
 46844  
CTRIA3  
 45249  
 1      
 46844  
 47117  
 46843  
CTRIA3  
 45250  
 1      
 46577  
 46576  
 47107  
CTRIA3  
 45251  
 1      
 46575  
 46574  
 47090  
CTRIA3  
 45252  
 1      
 46574  
 46591  
 47071  
CTRIA3  
 45253  
 1      
 46590  
 46589  
 47060  
CTRIA3  
 45254  
 1      
 46589  
 46588  
 47037  
CTRIA3  
 45255  
 1      
 46578  
 46820  
 47124  
CTRIA3  
 45265  
 1      
 46842  
 47118  
 46843  
CTRIA3  
 45266  
 1      
 46843  
 47117  
 46842  
CTRIA3  
 45267  
 1      
 47115  
 47117  
 47116  
CTRIA3  
 45295  
 1      
 46572  
 46573  
 47122  
CTRIA3  
 45296  
 1      
 47122  
 47121  
 47120  
CTRIA3  
 45297  
 1      
 47121  
 46820  
 46821  
CTRIA3  
 45313  
 1      
 46545  
 46546  
 47148  
CTRIA3  
 45314  
 1      
 46760  
 47149  
 46762  
CTRIA3  
 45413  
 1      
 47240  
 47149  
 46573  
CTRIA3  
 45414  
 1      
 47222  
 46713  
 46712  
CTRIA3  
 45415  
 1      
 46712  
 46713  
 46708  
CTRIA3  
 45416  
 1      
 46709  
 46708  
 46713  
CTRIA3  
 45417  
 1      
 47234  
 46763  
 46762  
CTRIA3  
 45437  
 1      
 46896  
 46876  
 47267  
CTRIA3  
 45438  
 1      
 46876  
 47268  
 47267  
CTRIA3  
 45440  
 1      
 47241  
 47269  
 47268  
CTRIA3  
 45452  
 1      
 47263  
 47265  
 47280  
CTRIA3  
 45453  
 1      
 47274  
 47275  
 47281  
CTRIA3  
 45454  
 1      
 47281  
 47275  
 47282  
CTRIA3  
 45459  
 1      
 47280  
 47286  
 47279  
CTRIA3  
 45470  
 1      
 47301  
 47296  
 47297  
CTRIA3  
 45471  
 1      
 47297  
 47298  
 47301  
CTRIA3  
 45472  
 1      
 47293  
 47294  
 47300  
CTRIA3  
 45488  
 1      
 47266  
 17224  
 17225  
CTRIA3  
 45657  
 1      
 47549  
 16897  
 16898  
CTRIA3  
 45658  
 1      
 47617  
 17210  
 47553  
CTRIA3  
 45667  
 1      
 47549  
 47540  
 47541  
CTRIA3  
 45693  
 1      
 47632  
 47633  
 47616  
CTRIA3  
 45724  
 1      
 47535  
 47621  
 47542  
CTRIA3  
 45746  
 1      
 47536  
 47642  
 47535  
CTRIA3  
 45767  
 1      
 47537  
 47664  
 47536  
CTRIA3  
 45787  
 1      
 47533  
 47677  
 47537  
CTRIA3  
 45807  
 1      
 47534  
 47533  
 47700  
CTRIA3  
 45827  
 1      
 47715  
 47702  
 47703  
CTRIA3  
 45865  
 1      
 47357  
 47734  
 47356  
CTRIA3  
 45883  
 1      
 47344  
 47749  
 47357  
CTRIA3  
 45900  
 1      
 47345  
 47759  
 47344  
CTRIA3  
 45922  
 1      
 47834  
 47833  
 47824  
CTRIA3  
 45923  
 1      
 47824  
 47823  
 47822  
CTRIA3  
 45924  
 1      
 47861  
 47335  
 47852  
CTRIA3  
 46010  
 1      
 47859  
 47864  
 47863  
CTRIA3  
 46011  
 1      
 47600  
 47601  
 47858  
CTRIA3  
 46012  
 1      
 47601  
 47600  
 47857  
CTRIA3  
 46013  
 1      
 47336  
 47847  
 47335  
CTRIA3  
 46014  
 1      
 47334  
 47832  
 47333  
CTRIA3  
 46015  
 1      
 47333  
 47814  
 47349  
CTRIA3  
 46016  
 1      
 47348  
 47803  
 47347  
CTRIA3  
 46017  
 1      
 47347  
 47784  
 47346  
CTRIA3  
 46018  
 1      
 47337  
 47863  
 47577  
CTRIA3  
 46028  
 1      
 47599  
 47600  
 47858  
CTRIA3  
 46029  
 1      
 47600  
 47599  
 47857  
CTRIA3  
 46030  
 1      
 47855  
 47856  
 47857  
CTRIA3  
 46058  
 1      
 47331  
 47862  
 47332  
CTRIA3  
 46059  
 1      
 47862  
 47860  
 47861  
CTRIA3  
 46060  
 1      
 47861  
 47578  
 47577  
CTRIA3  
 46076  
 1      
 47305  
 47884  
 47306  
CTRIA3  
 46077  
 1      
 47517  
 47519  
 47885  
CTRIA3  
 46176  
 1      
 47969  
 47332  
 47885  
CTRIA3  
 46177  
 1      
 47951  
 47469  
 47470  
CTRIA3  
 46178  
 1      
 47469  
 47465  
 47470  
CTRIA3  
 46179  
 1      
 47466  
 47470  
 47465  
CTRIA3  
 46180  
 1      
 47963  
 47519  
 47520  
CTRIA3  
 46208  
 1      
 47992  
 47280  
 47265  
CTRIA3  
 46209  
 1      
 47274  
 47281  
 47994  
CTRIA3  
 46210  
 1      
 47281  
 47999  
 47994  
CTRIA3  
 46215  
 1      
 47280  
 47998  
 47286  
CTRIA3  
 46226  
 1      
 47301  
 48010  
 48009  
CTRIA3  
 46227  
 1      
 48010  
 47301  
 47298  
CTRIA3  
 46228  
 1      
 47293  
 47300  
 48007  
CTRIA3  
 46244  
 1      
 47266  
 17225  
 17250  
CTRIA3  
 46245  
 1      
 47633  
 46896  
 47267  
CTRIA3  
 46246  
 1      
 47268  
 47633  
 47267  
CTRIA3  
 46247  
 1      
 47268  
 47269  
 47970  
CTRIA3  
 46253  
 1      
 18909  
 18934  
 21206  
CTRIA3  
 46255  
 1      
 18934  
 18947  
 21206  
CTRIA3  
 46257  
 1      
 21209  
 19101  
 19093  
CTRIA3  
 46259  
 1      
 19083  
 19098  
 21209  
CTRIA3  
 46261  
 1      
 22148  
 24176  
 22161  
CTRIA3  
 46263  
 1      
 22161  
 24176  
 22168  
CTRIA3  
 46265  
 1      
 21989  
 24173  
 22012  
CTRIA3  
 46267  
 1      
 22012  
 24173  
 22024  
